[general]
Plan_ Pelvien	x=11.875000	 y=-18.438000	 z=-12.500000
		u=0.501341	 v=0.051832	 w=-0.863696



[General_Droit]
Sp_Cotyle	x=6.670795	 y=-4.470908	 z=-16.500000	 r=3.800799
Pl_CoBord	x=6.670795	 y=-4.470908	 z=-16.500000
		u=-0.640184	 v=0.768221	 w=0.000000
Cy_Pelvien	p   x=10.233647	 y=-14.375710	 z=-16.500000
		u   u=0.000000	 v=0.000000	 w=1.000000 	r=6.203285
Pl_Pelvien	x=4.375000	 y=-10.312000	 z=-16.500000
		u=-0.511423	 v=-0.073016	 w=0.856221
Pl_Pub	x=5.898722	 y=-5.114303	 z=-11.964596
		u=-0.511423	 v=-0.073016	 w=0.856221
Ce_Pelvien	C  x=10.233647	 y=-14.375710	 z=-10.165119
		i  u=-0.847626	 v=-0.121016	 w=-0.516609
		j  u=0.141337	 v=-0.989962	 w=0.000000
		k  u=-0.511423	 v=-0.073016	 w=0.856221
		a    =7.244954 	b   =6.203285
Ce_Cotyle2	C  x=6.670795	 y=-4.470908	 z=-16.500000
		k  u=-0.640184	 v=0.768221	 w=0.000000
		a    =4.645422


[Cotyle_Droit]

T'	x=4.062000	 y=-13.750000	 z=-19.000000
Pub	x=2.500000	 y=-14.062000	 z=-19.000000
Is	x=10.625000	 y=-6.875000	 z=-21.500000
Z	x=7.500000	 y=-8.750000	 z=-21.500000
E1	x=5.898722	 y=-5.114303	 z=-11.964596
E1'	x=5.898722	 y=-5.114303	 z=-21.035404
E2	x=7.231614	 y=-4.003560	 z=-11.912298
E2'	x=7.231614	 y=-4.003560	 z=-21.087702
N1	x=11.203119	 y=-8.248651	 z=-9.063555
N2	x=12.536011	 y=-7.137908	 z=-9.011257
N1'	x=11.203119	 y=-8.248651	 z=-21.035404
N2'	x=12.536011	 y=-7.137908	 z=-21.087702
V1	x=8.624181	 y=-8.384853	 z=-10.615576
T1	x=5.518618	 y=-10.344675	 z=-12.637663
V1'	x=8.624181	 y=-8.384853	 z=-21.035404
T1'	x=5.518618	 y=-10.344675	 z=-20.362337
P1	x=3.926667	 y=-6.757682	 z=-13.530090
P1'	x=3.926667	 y=-6.757682	 z=-19.469910

Ep_Il	1.746101


[Sacrum_Droit]
Pt_SacreAntInf	x=9.352842	 y=-8.235275	 z=-10.167588
Pt_SacreAntSup	x=10.290427	 y=-8.078678	 z=-8.416497
Pt_SacrePostInf	x=12.449694	 y=-8.872828	 z=-11.768716

LH	1.992463
LV	3.984926
lh	1.328309
lv	0.996231


[Iliaque_Droit]
Ce_IlSupInt	C  x=7.195545	 y=-8.944942	 z=-9.930985
		i  u=0.748989	 v=0.187618	 w=0.635464
		j  u=-0.423350	 v=0.873282	 w=0.241149
		k  u=-0.509696	 v=-0.449641	 w=0.733507
		a    =7.419505
		alpha=0.000000 	beta=1.747814
Pt_IlEpAntSup	x=3.125000	 y=-2.812000	 z=-9.000000
Pt_IlEpPostSup	x=14.345353	 y=-8.556212	 z=-8.228266
Pt_IlMedianeAntSup	x=12.752676	 y=-7.552911	 z=-5.216157
Sp_IlFosse	x=4.209716	 y=-13.602284	 z=-9.000000	 r=9.726946

Ce_IlSupExt	C  x=7.207766	 y=-8.920481	 z=-9.943278
		i  u=0.756805	 v=0.199400	 w=0.622484
		j  u=-0.403021	 v=0.892116	 w=0.204215
		k  u=-0.514607	 v=-0.405425	 w=0.755520
		a    =8.462754
		alpha=0.000000 	beta=1.738527
Co_IlAnt	S   x=6.670795	 y=-4.470908	 z=-16.500000
		u   u=-0.125703	 v=-0.347508	 w=0.929213 	Agl=0.641887
Co_IlPost	S   x=6.670795	 y=-4.470908	 z=-16.500000
		u   u=0.793696	 v=0.123962	 w=0.595550 	Agl=0.509679
Pt_IlExtPostInf	x=11.936581	 y=-6.082161	 z=-10.066213
Pt_IlExtPostSup	x=14.472164	 y=-6.913112	 z=-4.134543
Pt_EpExtPostInf	x=12.477593	 y=-8.649678	 z=-11.803610
Pt_EpExtPostSup	x=14.551994	 y=-7.653711	 z=-8.419617

Ep_Il	1.137895
Ep_Mediane	3.364800




[General_Gauche]
Sp_Cotyle	x=6.114391	 y=-22.064957	 z=-16.500000	 r=2.072562
Pl_CoBord	x=6.114391	 y=-22.064957	 z=-16.500000
		u=0.599932	 v=0.800051	 w=0.000000
Cy_Pelvien	p   x=11.834482	 y=-12.569180	 z=-16.500000
		u   u=0.000000	 v=0.000000	 w=1.000000 	r=8.170262
Pl_Pelvien	x=4.688000	 y=-17.812000	 z=-16.500000
		u=-0.483082	 v=0.042077	 w=0.874563
Pl_Pub	x=5.443475	 y=-21.561859	 z=-14.109703
		u=-0.483082	 v=0.042077	 w=0.874563
Ce_Pelvien	C  x=11.834482	 y=-12.569180	 z=-11.012162
		i  u=-0.871265	 v=0.075889	 w=-0.484911
		j  u=-0.086773	 v=-0.996228	 w=0.000000
		k  u=-0.483082	 v=0.042077	 w=0.874563
		a    =9.342106 	b   =8.170262
Ce_Cotyle2	C  x=6.114391	 y=-22.064957	 z=-16.500000
		k  u=0.599932	 v=0.800051	 w=0.000000
		a    =2.533132


[Cotyle_Gauche]

T'	x=3.750000	 y=-13.750000	 z=-19.000000
Pub	x=2.500000	 y=-14.062000	 z=-19.000000
Is	x=10.938000	 y=-21.250000	 z=-21.500000
Z	x=7.812000	 y=-19.688000	 z=-21.500000
E1	x=5.443475	 y=-21.561859	 z=-14.109703
E1'	x=5.443475	 y=-21.561859	 z=-18.890297
E2	x=6.578638	 y=-22.413080	 z=-14.034226
E2'	x=6.578638	 y=-22.413080	 z=-18.965775
N1	x=8.263019	 y=-19.917501	 z=-12.631386
N2	x=9.398182	 y=-20.768723	 z=-12.555909
N1'	x=8.263019	 y=-19.917501	 z=-18.890297
N2'	x=9.398182	 y=-20.768723	 z=-18.965775
V1	x=7.161304	 y=-19.271015	 z=-13.271045
T1	x=5.876493	 y=-18.159845	 z=-14.034195
V1'	x=7.161304	 y=-19.271015	 z=-18.890297
T1'	x=5.876493	 y=-18.159845	 z=-18.965805
P1	x=4.662175	 y=-20.975988	 z=-14.733089
P1'	x=4.662175	 y=-20.975988	 z=-18.266911

Ep_Il	1.440202


[Sacrum_Gauche]
Pt_SacreAntInf	x=10.832829	 y=-20.677809	 z=-11.175321
Pt_SacreAntSup	x=10.832829	 y=-21.244757	 z=-9.057585
Pt_SacrePostInf	x=15.206348	 y=-20.968845	 z=-11.253235

LH	2.192313
LV	4.384627
lh	1.461542
lv	1.096157


[Iliaque_Gauche]
Ce_IlSupInt	C  x=6.779865	 y=-20.307249	 z=-7.621083
		i  u=0.854075	 v=-0.375078	 w=0.360379
		j  u=-0.398080	 v=-0.917281	 w=-0.011272
		k  u=0.334796	 v=-0.133833	 w=-0.932738
		a    =6.401567
		alpha=0.000000 	beta=2.179811
Pt_IlEpAntSup	x=1.562000	 y=-23.750000	 z=-9.000000
Pt_IlEpPostSup	x=15.206348	 y=-22.086761	 z=-7.077454
Pt_IlMedianeAntSup	x=12.247281	 y=-22.708338	 z=-5.314096
Sp_IlFosse	x=4.546172	 y=-14.811563	 z=-9.000000	 r=8.633462

Ce_IlSupExt	C  x=6.779403	 y=-20.305914	 z=-7.622332
		i  u=0.861847	 v=-0.370209	 w=0.346647
		j  u=-0.398522	 v=-0.917088	 w=0.011397
		k  u=0.313686	 v=-0.147969	 w=-0.937926
		a    =5.621677
		alpha=0.000000 	beta=2.194659
Co_IlAnt	S   x=6.114391	 y=-22.064957	 z=-16.500000
		u   u=-0.161749	 v=0.659155	 w=0.734406 	Agl=1.122119
Co_IlPost	S   x=6.114391	 y=-22.064957	 z=-16.500000
		u   u=0.644667	 v=-0.677228	 w=0.354635 	Agl=0.894122
Pt_IlExtPostInf	x=12.980418	 y=-22.288214	 z=-11.032528
Pt_IlExtPostSup	x=11.001580	 y=-22.065886	 z=-6.033093
Pt_EpExtPostInf	x=15.217299	 y=-20.815304	 z=-11.212130
Pt_EpExtPostSup	x=15.173481	 y=-21.436218	 z=-6.903294

Ep_Il	0.796624
Ep_Mediane	2.688111

